615143346 79387687 -80123649 306422480 -80123649
YES
2.407592339

948744004 861724643 848773505 584154450 730556189
YES
0.2859497398

82 42 -354891707 42 -354891707
NO

72 20 -38121735 66 288888467
YES
0.0000000795

6 1 1 4 1
YES
0.5 

6 3 1 1 1
YES
1.0 

12 8 10 5 20
YES
0.3000000000

5 0 0 1 2
YES
2.0000000000

10 7 -3 1 4
YES
0.8571428571

977345779 636176199 0 165786447 815181433
YES
0.2151461330

94 76 0 76 0
YES
0.0000000000

78118007 46215547 -5 57496922 9
YES
4774045.1428571429

55444931 17419156 0 53245822 -398046024
YES
0.0382369025

1000000000 10 1000000000 11 0
NO